50
C0
C1
C2
C3
C4
C5
C6
C7
C8
C9
C10
C11
C12
C13
C14
C15
C16
C17
C18
C19
C20
C21
C22
C23
C24
C25
C26
C27
C28
C29
C30
C31
C32
C33
C34
C35
C36
C37
C38
C39
C40
C41
C42
C43
C44
C45
C46
C47
C48
C49
0 758 391 1131 1492 1080 507 1379 828 1447 216 308 462 10 1491 1178 826 1383 692 969 257 635 1486 776 76 326 1315 436 1171 1064 1011 1098 511 1041 1476 1162 695 441 642 970 1025 1318 253 867 209 568 437 1021 128 495
1249 0 413 1380 500 164 1254 728 1169 229 123 1235 1492 1070 59 628 1182 810 1101 97 830 604 1487 1240 707 298 364 422 249 344 409 293 86 725 1059 1304 153 745 247 752 1399 322 658 855 791 297 1045 1095 623 496
620 1454 0 1327 678 758 55 199 172 96 208 796 890 265 1383 1349 455 1135 688 1290 1457 1437 420 364 543 1456 77 930 902 1157 222 10 41 250 1179 111 1311 1077 10 251 1174 71 811 1187 924 1144 556 1344 892 559
140 1293 886 0 209 558 600 24 1152 1464 102 378 1325 102 1062 1237 484 990 777 630 235 1454 955 1036 511 1212 317 733 609 374 1291 1452 803 542 209 318 1493 529 342 1430 1075 852 10 696 1468 40 419 926 690 351
954 1410 265 927 0 1123 825 1284 1237 680 230 769 1332 1177 664 527 492 133 745 239 995 972 1168 1372 1312 1181 623 1273 1075 1061 899 462 505 966 148 802 1482 1002 265 648 829 346 1020 1043 1488 1201 36 104 313 1
491 609 467 688 1347 0 465 964 1071 266 1038 181 324 220 1251 533 398 525 442 1138 425 956 1452 1092 736 1205 875 818 326 625 517 1076 1398 1392 922 1365 953 102 1344 439 1330 1152 481 436 1422 903 887 1149 1385 1101
1222 1169 68 1258 1096 1233 0 717 56 753 856 236 1414 45 1171 473 1065 813 651 194 740 841 573 651 692 1144 1197 35 1091 730 910 1146 1485 1241 49 1461 1009 1448 884 549 684 1033 976 436 1323 671 1350 814 1251 1425
83 1423 1190 39 6 1190 1483 0 1203 793 754 499 153 1361 1484 823 362 1415 266 1157 889 184 1184 32 1499 828 1011 836 1272 681 1270 1481 1467 547 1067 337 794 80 1066 914 1459 51 416 447 1138 934 1207 600 153 851
1479 626 95 1442 1370 1019 265 266 0 950 476 881 13 860 72 1439 898 1434 469 1140 453 472 1239 964 112 968 1367 1486 824 1224 1124 898 700 896 1376 782 806 1181 596 1040 1088 215 1080 589 704 1196 711 1191 1461 843
162 700 12 1466 652 171 380 1397 483 0 758 952 517 1324 829 1103 423 943 264 1187 366 611 661 604 1206 279 1310 770 1310 1309 997 347 1060 372 144 124 796 527 466 1234 1351 1091 461 922 1499 1477 777 521 982 1465
749 1039 597 774 1352 1057 983 1159 1483 1365 0 1130 244 7 482 1478 456 261 993 356 126 1359 198 1491 41 1177 1452 1020 510 125 927 405 435 1009 1176 935 1318 728 1310 770 632 651 708 1145 1159 725 855 103 628 286
1016 1338 237 1394 339 862 974 385 1114 196 1287 0 900 1398 807 274 1073 1279 507 1300 384 1240 531 718 553 995 312 1366 934 781 360 785 698 130 668 386 100 1462 956 1230 286 774 953 749 1472 1210 472 62 1007 978
1081 460 881 1355 571 290 1244 872 893 1120 747 5 0 130 365 935 1271 1413 78 78 1237 550 1462 802 480 318 1423 94 1136 610 217 737 464 784 734 12 416 774 193 93 186 895 843 1257 816 1270 240 284 367 1177
231 993 1394 662 102 1221 925 1033 378 1255 1438 240 451 0 317 691 458 1241 440 290 734 795 1266 1126 797 100 623 365 46 113 310 195 1187 938 618 90 893 841 1321 1164 1189 507 477 475 247 581 151 944 870 552
1254 251 425 229 1255 342 374 996 630 810 424 685 150 61 0 46 1117 1188 912 1483 153 930 1049 1337 1165 170 327 146 428 658 590 820 515 1058 58 772 511 1045 1176 1077 1266 510 520 978 1030 480 506 1166 943 216
623 1498 1467 617 1466 1481 659 104 200 356 27 163 23 1116 1289 0 38 1036 135 867 693 1138 346 28 1085 947 1404 769 286 1248 1284 519 383 443 511 697 477 630 7 1463 1295 1432 137 169 1376 402 248 1442 776 1049
811 1250 1447 141 949 1162 372 75 36 443 933 664 564 1437 39 883 0 936 650 554 460 561 438 1338 1103 1478 165 46 690 592 270 163 257 246 1216 1484 787 675 1018 831 748 676 1271 749 986 901 1494 414 1060 20
224 1180 554 1219 1195 39 541 1121 139 719 409 843 438 22 823 728 676 0 1049 836 1439 1091 227 1421 245 414 1463 228 440 760 919 985 958 182 1487 984 931 1487 29 1243 1429 708 830 421 80 1175 1257 882 495 1079
922 1496 242 151 1179 295 830 696 792 380 1315 792 1108 637 1027 1312 132 1046 0 252 1276 673 687 513 686 418 861 248 1314 900 702 873 679 1267 810 718 137 533 965 137 651 1320 115 1240 869 804 783 12 213 1364
380 497 125 140 1219 938 119 1175 788 53 289 952 1249 40 860 1306 789 1329 1159 0 94 1362 204 1367 1394 595 1319 1121 528 710 404 902 1273 910 1322 938 154 33 1077 1047 1140 676 1308 48 1182 194 787 426 238 1054
1220 1258 953 425 826 777 940 136 1428 144 1233 824 707 1037 1493 1003 166 957 1390 629 0 749 1053 544 1266 1340 155 812 549 150 1485 1126 1132 1083 1389 350 1336 343 1116 1427 1121 1185 2 545 1427 629 1245 205 1047 142
654 999 104 81 513 362 411 1333 970 1388 1124 1150 893 1089 67 960 444 876 1056 1293 96 0 1424 504 378 1287 1375 721 714 11 512 1413 1304 1305 408 768 15 1175 1249 1024 413 363 332 339 1054 526 791 610 672 337
340 300 1210 186 1181 1114 988 881 91 807 253 701 432 1277 1425 1141 503 1198 1168 102 524 543 0 1335 333 6 1176 1136 1468 561 1182 1286 692 500 721 418 1290 126 1116 662 877 737 1189 387 380 39 693 769 930 1154
736 267 1070 219 951 492 786 695 203 460 274 139 112 590 179 639 21 1315 1366 962 1065 1360 468 0 270 276 1158 327 956 149 350 648 1461 938 345 826 287 1064 960 32 741 1189 958 1093 879 920 431 718 776 1111
1119 544 1041 1166 445 767 549 198 1164 176 1252 736 455 1444 434 68 745 160 1295 1389 1229 1441 931 1350 0 674 497 498 12 610 415 547 314 976 1210 501 1486 1405 50 28 784 1266 838 1129 1384 136 1498 19 1362 1417
251 605 1335 1477 981 851 1060 474 59 134 1376 533 664 410 1349 1479 1194 961 1045 528 1317 948 655 380 135 0 481 531 1315 1334 1346 1264 1353 1075 893 1265 770 1143 745 831 173 829 1013 958 575 1204 467 258 20 1475
496 118 1115 698 305 506 1379 522 757 560 223 1221 1095 612 1089 882 1460 612 152 366 982 703 150 486 76 1001 0 609 624 1209 738 1257 478 1324 156 29 93 1349 1172 1159 718 625 540 1118 797 491 247 1031 772 259
34 232 1042 1346 150 536 339 582 1421 1330 868 850 1075 1269 98 126 1490 1174 325 840 888 185 671 711 397 532 1389 0 1251 847 1210 1165 1372 1433 800 197 902 370 865 1065 72 447 1089 408 1053 468 550 990 459 253
797 20 1367 257 246 710 631 541 34 1106 379 1448 1391 492 1272 291 600 38 314 1020 250 1303 1308 891 1366 1426 1368 1246 0 381 1296 924 1151 293 793 1321 256 64 324 221 405 1448 545 1352 92 1339 631 580 896 735
556 112 1212 1304 916 264 843 1434 401 555 1367 1186 853 1010 1305 1039 872 686 821 1209 855 1134 1359 1248 972 1197 914 1418 1134 0 160 887 132 121 606 417 1408 422 851 1395 809 723 1447 365 457 896 579 322 1443 1275
1231 424 352 1320 28 570 522 1085 1223 1001 117 757 444 1369 755 448 1200 346 1408 1022 1227 1101 590 1429 1129 796 8 823 766 841 0 145 219 1265 1240 461 1176 1462 592 1229 133 1358 1177 423 888 1112 57 960 305 45
213 680 1133 486 1135 1108 257 327 1095 1414 537 25 18 685 855 785 1215 1363 1299 817 576 1439 1159 634 1056 394 433 1083 1464 452 1119 0 1091 1033 970 1255 634 616 1071 1051 655 998 150 1263 1198 1134 945 456 1402 653
386 1376 1399 1211 308 1457 166 612 261 1336 1189 888 313 792 951 206 1158 831 246 12 147 1303 847 962 1020 1448 1075 1070 1368 1273 608 1139 0 748 330 1220 622 1108 447 456 137 551 512 517 621 853 197 1162 200 1146
1194 813 810 1269 899 103 1068 726 106 183 1282 1152 435 1298 920 724 798 627 1377 56 920 643 1229 1276 1094 1359 1099 13 662 589 658 1229 1170 0 129 373 1118 338 96 1376 389 377 200 63 1326 1178 1101 569 1304 710
899 391 254 1291 273 713 599 1172 1377 272 204 591 726 1170 768 1119 238 355 1314 1266 199 1019 928 515 585 3 960 927 196 243 995 389 232 137 0 1266 152 1396 607 525 1276 987 1186 613 1063 1195 1399 768 230 525
289 244 932 328 502 712 638 169 829 913 1300 840 1131 1124 533 113 1390 432 305 567 1381 775 211 184 535 1353 774 706 823 949 981 279 939 417 128 0 1177 230 116 1484 215 180 1272 729 1363 477 1283 104 488 1231
975 753 1383 113 567 137 1036 496 502 513 378 1318 357 1147 566 1121 564 1158 27 1214 819 1067 1272 1296 1010 849 464 893 37 708 156 985 876 94 604 1206 0 924 1167 579 855 451 1030 1481 1071 36 1071 930 736 719
333 1090 1499 1419 1276 335 695 815 774 640 859 1027 953 1167 1374 14 934 1023 185 158 383 132 717 1104 1357 87 1310 1066 1174 1120 546 263 757 926 1215 1431 842 0 534 85 498 376 304 1188 1091 302 1446 894 1380 610
67 118 1491 898 23 699 426 634 1419 533 1484 386 472 264 3 667 22 967 111 314 955 241 717 1131 810 1467 1284 917 1047 1496 1197 1135 720 1073 1259 56 706 295 0 164 973 616 722 12 1186 1025 195 23 1075 835
1163 1079 1121 1307 994 522 33 1383 174 892 1369 911 121 1470 361 552 1347 1093 196 948 989 83 931 291 1271 684 15 674 1045 1248 1416 1064 36 835 1383 221 1323 798 849 0 1328 988 1386 407 233 1257 816 1373 1359 1006
1476 1456 861 1046 613 1126 727 797 829 800 1119 151 583 1300 732 912 953 529 926 1434 549 1182 645 1150 1263 126 1301 503 406 1324 365 548 1199 1411 148 690 1338 20 314 686 0 438 966 404 975 518 459 745 1123 207
267 1440 817 249 153 437 545 1375 183 413 467 1261 1438 208 62 1009 840 718 1044 1471 624 710 1490 1351 1319 898 398 116 217 1285 527 440 127 1089 698 884 85 203 212 1294 1361 0 86 1305 1 1349 1296 1134 905 807
1368 534 1488 637 633 360 1078 1226 1141 1201 12 422 1177 1233 513 1496 1042 1472 1048 559 983 1374 160 1425 579 225 309 204 324 96 812 133 187 637 868 902 978 854 315 541 1270 753 0 736 916 220 323 12 1166 1028
763 421 1359 1269 188 1190 657 833 1082 870 1418 971 72 1210 1168 1089 325 60 1075 804 697 1289 1465 496 813 670 1117 268 1148 1112 997 954 224 1427 1351 263 783 1204 1241 129 47 36 929 0 978 334 1407 1229 1155 843
707 1439 1031 780 961 1414 1219 1376 769 486 899 1258 427 1215 410 201 773 1080 1111 194 448 705 669 1424 1152 407 21 1292 220 1433 261 1076 1056 773 723 30 353 874 562 166 161 1171 662 338 0 523 1169 1384 1310 365
711 385 116 116 558 1079 1454 1159 219 91 619 470 1086 560 562 1450 10 577 940 187 1394 65 950 815 965 488 1126 928 767 308 1265 1131 204 1371 862 1284 1054 248 1361 774 564 11 1122 53 264 0 1045 1121 546 548
995 851 1066 358 1382 750 1300 253 619 510 1281 497 941 775 505 1467 353 690 1225 466 1464 821 123 1096 736 373 1405 99 1309 1288 147 20 1089 511 513 746 491 4 788 289 448 1017 288 242 157 533 0 652 1281 1177
1093 636 1477 386 10 572 435 722 969 1138 1109 1487 1004 236 778 417 682 351 539 1197 437 183 143 951 714 1446 1321 309 1394 369 1160 331 445 1005 367 154 1060 283 1478 339 467 1241 1489 391 508 1218 247 0 928 840
974 1377 683 141 1425 1066 1419 1365 1207 27 743 425 341 1498 1139 1199 579 630 784 380 1346 1372 1009 1242 1300 522 748 30 1439 989 1345 10 773 174 867 982 1492 558 116 608 1009 1372 538 1485 593 437 212 1357 0 43
1003 105 1431 132 1102 1085 1308 523 566 554 249 1302 1056 481 426 1217 541 1395 315 973 1158 965 1372 479 334 486 450 50 157 258 180 1147 219 525 1378 1132 1141 518 289 265 189 804 293 91 730 44 1072 729 1352 0
25
C0
C27
C44
C16
C2
C40
C7
C14
C30
C19
C37
C21
C31
C41
C47
C45
C10
C4
C26
C1
C8
C22
C25
C42
C5
8
2000
0.8
0.2
